50
person_851746|blah-blah-blah|2000-01-13 0.0000000 0.0000010 0.0002476 0.0000010 0.0000010 0.0001246 0.0002491 0.0001242 0.0000010 0.0001243 0.0001237 0.0001242 0.0001234 0.0003712 0.0004962 0.0004952 0.0001242 0.0003711 0.0002485 0.0001245 0.0001243 0.0002475 0.0003703 0.0006179 0.0003734 0.0003737 0.0002480 0.0002495 0.0002471 0.0002477 0.0006207 0.0006207 0.0002479 0.0002478 0.0003728 0.0004948 0.0001235 0.0001239 0.0004983 0.0003729 0.0002483 0.0006215 0.0004927 0.0007467 0.0007506 0.0002493 0.0004968 0.0003721 0.0002490 0.0002486 
person_582182|blah-blah-blah|2000-01-11 0.0000010 0.0000000 0.0002466 0.0001240 0.0002462 0.0002467 0.0003711 0.0002472 0.0001233 0.0002472 0.0002479 0.0002462 0.0003701 0.0003695 0.0004946 0.0006136 0.0001236 0.0004915 0.0003690 0.0001241 0.0002470 0.0003692 0.0003693 0.0006121 0.0004945 0.0004952 0.0003701 0.0003715 0.0004931 0.0002466 0.0007419 0.0006158 0.0003701 0.0002463 0.0004923 0.0006155 0.0002472 0.0001232 0.0006216 0.0004939 0.0003716 0.0006195 0.0006136 0.0007421 0.0006214 0.0004962 0.0006184 0.0003702 0.0002480 0.0003721 
person_444110|blah-blah-blah|2000-01-14 0.0002476 0.0002466 0.0000000 0.0002470 0.0003683 0.0003702 0.0000010 0.0003707 0.0001232 0.0002473 0.0003711 0.0002467 0.0003694 0.0001229 0.0002459 0.0007346 0.0003710 0.0006137 0.0004923 0.0003717 0.0003697 0.0004916 0.0001221 0.0008566 0.0006179 0.0006184 0.0004936 0.0000010 0.0004925 0.0004932 0.0008635 0.0008615 0.0003698 0.0003686 0.0004918 0.0007377 0.0003715 0.0003687 0.0004957 0.0006173 0.0003712 0.0008635 0.0002443 0.0009869 0.0009932 0.0006200 0.0007423 0.0004944 0.0004946 0.0004943 
person_704690|blah-blah-blah|2000-01-16 0.0000010 0.0001240 0.0002470 0.0000000 0.0001233 0.0001235 0.0002476 0.0000010 0.0000010 0.0001242 0.0001240 0.0001233 0.0002471 0.0002473 0.0004942 0.0004926 0.0000010 0.0002462 0.0001234 0.0001241 0.0001228 0.0002467 0.0002462 0.0006152 0.0003721 0.0003730 0.0002475 0.0002483 0.0003713 0.0002476 0.0003712 0.0003704 0.0002477 0.0002465 0.0002464 0.0003701 0.0001241 0.0001226 0.0003729 0.0003725 0.0002476 0.0006198 0.0004904 0.0006187 0.0007480 0.0003725 0.0004955 0.0003706 0.0002477 0.0002481 
person_624540|blah-blah-blah|2000-01-16 0.0000010 0.0002462 0.0003683 0.0001233 0.0000000 0.0002456 0.0002462 0.0002466 0.0001229 0.0002464 0.0002465 0.0002459 0.0003682 0.0003678 0.0006138 0.0006125 0.0002462 0.0004901 0.0002456 0.0001237 0.0002454 0.0002450 0.0004899 0.0007326 0.0003694 0.0004935 0.0003687 0.0003704 0.0002455 0.0003679 0.0006153 0.0006133 0.0003692 0.0003688 0.0004907 0.0006136 0.0002468 0.0002452 0.0006184 0.0004932 0.0003701 0.0006158 0.0006098 0.0008608 0.0008671 0.0004945 0.0003694 0.0003683 0.0003705 0.0003700 
person_528714|blah-blah-blah|2000-01-17 0.0001246 0.0002467 0.0003702 0.0001235 0.0002456 0.0000000 0.0003704 0.0002481 0.0000010 0.0000010 0.0000010 0.0000010 0.0003694 0.0004935 0.0004938 0.0002463 0.0002463 0.0002465 0.0001233 0.0000010 0.0000010 0.0003693 0.0004910 0.0003664 0.0004937 0.0003712 0.0003707 0.0003724 0.0004948 0.0000010 0.0004940 0.0004947 0.0001237 0.0001235 0.0003696 0.0004925 0.0000010 0.0000010 0.0006204 0.0002478 0.0001237 0.0007410 0.0006117 0.0004951 0.0008706 0.0004983 0.0004954 0.0002466 0.0001236 0.0000010 
person_705567|blah-blah-blah|2000-01-19 0.0002491 0.0003711 0.0000010 0.0002476 0.0002462 0.0003704 0.0000000 0.0003725 0.0001230 0.0002485 0.0003709 0.0002480 0.0002463 0.0001233 0.0002471 0.0006154 0.0003713 0.0006158 0.0004934 0.0003726 0.0003712 0.0003697 0.0001230 0.0007368 0.0004958 0.0004949 0.0003708 0.0000010 0.0006178 0.0004947 0.0007423 0.0007410 0.0004941 0.0003708 0.0004927 0.0007411 0.0003720 0.0003705 0.0003728 0.0006208 0.0004951 0.0008669 0.0000010 0.0007429 0.0009955 0.0003737 0.0006196 0.0004942 0.0004960 0.0004962 
person_542717|blah-blah-blah|2000-01-24 0.0001242 0.0002472 0.0003707 0.0000010 0.0002466 0.0002481 0.0003725 0.0000000 0.0000010 0.0002484 0.0002475 0.0001240 0.0003700 0.0004939 0.0006193 0.0004913 0.0002478 0.0004927 0.0003712 0.0002492 0.0002476 0.0003703 0.0003694 0.0006151 0.0004962 0.0003735 0.0003699 0.0003734 0.0004936 0.0003708 0.0007431 0.0007413 0.0003722 0.0003710 0.0004949 0.0004938 0.0002469 0.0002473 0.0006213 0.0004961 0.0002477 0.0007445 0.0006143 0.0006198 0.0008717 0.0004957 0.0006208 0.0003703 0.0002481 0.0003718 
person_757679|blah-blah-blah|2000-01-18 0.0000010 0.0001233 0.0001232 0.0000010 0.0001229 0.0000010 0.0001230 0.0000010 0.0000000 0.0000010 0.0000010 0.0000010 0.0002464 0.0002458 0.0002466 0.0003690 0.0001232 0.0002458 0.0001232 0.0000010 0.0000010 0.0002454 0.0001227 0.0004883 0.0003710 0.0003704 0.0002468 0.0001235 0.0003699 0.0001234 0.0004932 0.0004924 0.0001235 0.0001237 0.0002464 0.0003686 0.0000010 0.0000010 0.0003724 0.0002469 0.0001235 0.0004953 0.0003654 0.0006174 0.0007450 0.0003715 0.0004922 0.0002465 0.0001238 0.0001237 
person_779346|blah-blah-blah|2000-01-22 0.0001243 0.0002472 0.0002473 0.0001242 0.0002464 0.0000010 0.0002485 0.0002484 0.0000010 0.0000000 0.0000010 0.0000010 0.0003714 0.0003715 0.0004958 0.0003700 0.0002486 0.0003710 0.0001233 0.0000010 0.0000010 0.0003713 0.0003700 0.0004913 0.0004962 0.0004978 0.0003707 0.0002494 0.0004952 0.0001238 0.0007447 0.0007432 0.0001238 0.0000010 0.0004941 0.0006178 0.0000010 0.0000010 0.0006212 0.0001238 0.0001240 0.0007441 0.0004915 0.0006205 0.0008741 0.0004986 0.0004957 0.0002472 0.0001244 0.0001239 
person_609947|blah-blah-blah|2000-01-25 0.0001237 0.0002479 0.0003711 0.0001240 0.0002465 0.0000010 0.0003709 0.0002475 0.0000010 0.0000010 0.0000000 0.0000010 0.0003704 0.0004931 0.0004937 0.0003691 0.0001238 0.0002465 0.0001235 0.0000010 0.0000010 0.0003693 0.0004926 0.0004904 0.0004953 0.0003726 0.0003709 0.0003730 0.0004948 0.0000010 0.0007415 0.0007407 0.0001235 0.0001233 0.0003703 0.0004933 0.0000010 0.0000010 0.0007460 0.0002476 0.0001231 0.0007439 0.0006143 0.0006196 0.0007475 0.0004967 0.0006195 0.0001233 0.0000010 0.0000010 
person_813068|blah-blah-blah|2000-01-26 0.0001242 0.0002462 0.0002467 0.0001233 0.0002459 0.0000010 0.0002480 0.0001240 0.0000010 0.0000010 0.0000010 0.0000000 0.0003699 0.0003700 0.0004940 0.0003683 0.0002476 0.0003698 0.0001229 0.0000010 0.0000010 0.0003703 0.0003686 0.0004912 0.0004943 0.0004961 0.0003703 0.0002481 0.0003698 0.0001234 0.0007429 0.0007398 0.0001232 0.0000010 0.0004925 0.0006164 0.0000010 0.0000010 0.0006212 0.0002470 0.0001238 0.0007430 0.0004915 0.0006193 0.0008716 0.0004965 0.0004952 0.0002468 0.0001240 0.0001238 
person_329549|blah-blah-blah|2000-01-21 0.0001234 0.0003701 0.0003694 0.0002471 0.0003682 0.0003694 0.0002463 0.0003700 0.0002464 0.0003714 0.0003704 0.0003699 0.0000000 0.0004920 0.0006157 0.0007361 0.0003704 0.0004919 0.0004930 0.0003707 0.0003700 0.0002460 0.0004911 0.0007345 0.0003710 0.0003709 0.0002471 0.0002474 0.0006166 0.0004928 0.0006167 0.0006143 0.0004936 0.0004931 0.0004919 0.0006134 0.0003718 0.0003696 0.0007416 0.0003709 0.0003706 0.0007417 0.0006123 0.0008640 0.0007448 0.0000010 0.0007410 0.0006172 0.0004941 0.0003710 
person_282087|blah-blah-blah|2000-01-21 0.0003712 0.0003695 0.0001229 0.0002473 0.0003678 0.0004935 0.0001233 0.0004939 0.0002458 0.0003715 0.0004931 0.0003700 0.0004920 0.0000000 0.0003694 0.0008575 0.0004922 0.0006129 0.0006147 0.0003710 0.0004936 0.0004910 0.0001225 0.0009794 0.0006176 0.0006181 0.0003694 0.0000010 0.0006156 0.0006156 0.0009847 0.0008617 0.0004930 0.0003696 0.0006138 0.0008596 0.0004946 0.0003691 0.0006177 0.0006163 0.0004945 0.0009874 0.0003652 0.0009856 0.0011157 0.0007417 0.0008647 0.0006147 0.0006177 0.0006175 
person_548759|blah-blah-blah|2000-01-27 0.0004962 0.0004946 0.0002459 0.0004942 0.0006138 0.0004938 0.0002471 0.0006193 0.0002466 0.0004958 0.0004937 0.0004940 0.0006157 0.0003694 0.0000000 0.0008604 0.0004945 0.0008614 0.0007410 0.0006196 0.0004944 0.0007377 0.0003674 0.0008585 0.0007422 0.0007432 0.0007399 0.0002476 0.0008643 0.0007394 0.0009875 0.0011097 0.0007416 0.0006174 0.0006150 0.0009833 0.0004954 0.0006174 0.0006203 0.0008660 0.0007420 0.0011126 0.0004889 0.0008628 0.0012422 0.0006210 0.0009864 0.0007407 0.0007436 0.0007429 
person_699140|blah-blah-blah|2000-01-21 0.0004952 0.0006136 0.0007346 0.0004926 0.0006125 0.0002463 0.0006154 0.0004913 0.0003690 0.0003700 0.0003691 0.0003683 0.0007361 0.0008575 0.0008604 0.0000000 0.0006153 0.0006127 0.0004908 0.0003700 0.0003691 0.0006120 0.0008552 0.0001213 0.0007390 0.0008620 0.0007384 0.0007400 0.0008601 0.0004912 0.0009832 0.0009813 0.0004918 0.0004916 0.0007355 0.0008577 0.0002465 0.0002451 0.0011132 0.0006157 0.0004925 0.0009847 0.0006099 0.0002455 0.0011132 0.0007403 0.0009854 0.0006137 0.0003684 0.0004943 
person_415845|blah-blah-blah|2000-01-30 0.0001242 0.0001236 0.0003710 0.0000010 0.0002462 0.0002463 0.0003713 0.0002478 0.0001232 0.0002486 0.0001238 0.0002476 0.0003704 0.0004922 0.0004945 0.0006153 0.0000000 0.0001231 0.0002466 0.0002481 0.0002474 0.0003705 0.0003689 0.0007364 0.0003702 0.0004949 0.0002477 0.0002477 0.0004942 0.0003710 0.0006177 0.0006171 0.0002473 0.0003702 0.0001233 0.0002464 0.0002474 0.0002464 0.0004965 0.0003715 0.0003719 0.0006188 0.0006126 0.0008664 0.0008718 0.0004972 0.0006181 0.0003704 0.0002477 0.0003711 
person_154736|blah-blah-blah|2000-01-24 0.0003711 0.0004915 0.0006137 0.0002462 0.0004901 0.0002465 0.0006158 0.0004927 0.0002458 0.0003710 0.0002465 0.0003698 0.0004919 0.0006129 0.0008614 0.0006127 0.0001231 0.0000000 0.0004910 0.0003708 0.0003681 0.0006123 0.0006116 0.0008560 0.0007394 0.0007402 0.0004912 0.0003700 0.0007373 0.0004918 0.0009840 0.0008599 0.0003700 0.0004929 0.0000010 0.0001218 0.0003697 0.0003677 0.0009903 0.0003695 0.0004932 0.0008630 0.0007300 0.0009859 0.0008661 0.0007404 0.0007389 0.0003686 0.0004933 0.0004936 
person_479422|blah-blah-blah|2000-01-27 0.0002485 0.0003690 0.0004923 0.0001234 0.0002456 0.0001233 0.0004934 0.0003712 0.0001232 0.0001233 0.0001235 0.0001229 0.0004930 0.0006147 0.0007410 0.0004908 0.0002466 0.0004910 0.0000000 0.0001237 0.0001233 0.0003691 0.0006123 0.0006121 0.0004944 0.0006181 0.0004935 0.0004950 0.0006151 0.0002462 0.0007402 0.0007383 0.0002470 0.0001230 0.0006143 0.0007363 0.0001236 0.0001224 0.0007436 0.0001236 0.0002474 0.0008631 0.0007339 0.0006182 0.0008685 0.0006195 0.0007412 0.0003694 0.0002477 0.0002471 
person_377331|blah-blah-blah|2000-01-30 0.0001245 0.0001241 0.0003717 0.0001241 0.0001237 0.0000010 0.0003726 0.0002492 0.0000010 0.0000010 0.0000010 0.0000010 0.0003707 0.0003710 0.0006196 0.0003700 0.0002481 0.0003708 0.0001237 0.0000000 0.0000010 0.0003707 0.0004941 0.0004927 0.0004977 0.0003729 0.0003722 0.0003735 0.0003721 0.0001241 0.0007434 0.0007434 0.0001241 0.0001244 0.0004952 0.0004944 0.0000010 0.0000010 0.0006229 0.0002484 0.0000010 0.0007472 0.0006152 0.0006202 0.0007489 0.0004991 0.0006236 0.0002475 0.0000010 0.0001246 
person_453866|blah-blah-blah|2000-01-27 0.0001243 0.0002470 0.0003697 0.0001228 0.0002454 0.0000010 0.0003712 0.0002476 0.0000010 0.0000010 0.0000010 0.0000010 0.0003700 0.0004936 0.0004944 0.0003691 0.0002474 0.0003681 0.0001233 0.0000010 0.0000000 0.0003695 0.0004918 0.0004904 0.0004942 0.0004964 0.0003697 0.0003718 0.0004941 0.0001232 0.0007405 0.0007424 0.0000010 0.0001235 0.0004930 0.0006166 0.0000010 0.0000010 0.0007463 0.0002467 0.0001238 0.0006201 0.0006120 0.0006184 0.0008709 0.0004962 0.0006187 0.0002467 0.0001240 0.0001238 
person_4001|blah-blah-blah|2000-01-27   0.0002475 0.0003692 0.0004916 0.0002467 0.0002450 0.0003693 0.0003697 0.0003703 0.0002454 0.0003713 0.0003693 0.0003703 0.0002460 0.0004910 0.0007377 0.0006120 0.0003705 0.0006123 0.0003691 0.0003707 0.0003695 0.0000000 0.0006127 0.0006101 0.0003703 0.0002471 0.0002461 0.0003715 0.0006155 0.0004916 0.0004917 0.0004910 0.0004930 0.0004928 0.0004910 0.0007368 0.0002470 0.0003692 0.0006184 0.0004935 0.0003703 0.0007399 0.0007320 0.0008648 0.0009915 0.0003716 0.0006154 0.0004923 0.0003707 0.0004936 
person_733105|blah-blah-blah|2000-01-26 0.0003703 0.0003693 0.0001221 0.0002462 0.0004899 0.0004910 0.0001230 0.0003694 0.0001227 0.0003700 0.0004926 0.0003686 0.0004911 0.0001225 0.0003674 0.0008552 0.0003689 0.0006116 0.0006123 0.0004941 0.0004918 0.0006127 0.0000000 0.0009766 0.0007376 0.0006175 0.0006147 0.0001234 0.0007375 0.0006141 0.0008624 0.0007359 0.0006150 0.0003693 0.0004903 0.0007349 0.0004917 0.0004912 0.0003694 0.0007385 0.0006159 0.0008607 0.0002433 0.0011064 0.0011149 0.0007396 0.0008619 0.0006135 0.0006166 0.0006161 
person_249555|blah-blah-blah|2000-01-28 0.0006179 0.0006121 0.0008566 0.0006152 0.0007326 0.0003664 0.0007368 0.0006151 0.0004883 0.0004913 0.0004904 0.0004912 0.0007345 0.0009794 0.0008585 0.0001213 0.0007364 0.0008560 0.0006121 0.0004927 0.0004904 0.0006101 0.0009766 0.0000000 0.0008599 0.0008600 0.0008580 0.0008618 0.0009791 0.0006120 0.0012260 0.0011022 0.0006126 0.0006135 0.0009796 0.0010996 0.0003684 0.0003679 0.0012317 0.0007366 0.0006149 0.0011055 0.0006089 0.0003683 0.0013591 0.0006164 0.0011041 0.0007351 0.0004916 0.0006151 
person_651133|blah-blah-blah|2000-01-28 0.0003734 0.0004945 0.0006179 0.0003721 0.0003694 0.0004937 0.0004958 0.0004962 0.0003710 0.0004962 0.0004953 0.0004943 0.0003710 0.0006176 0.0007422 0.0007390 0.0003702 0.0007394 0.0004944 0.0004977 0.0004942 0.0003703 0.0007376 0.0008599 0.0000000 0.0002477 0.0001236 0.0004964 0.0007431 0.0004945 0.0006186 0.0004940 0.0006185 0.0006188 0.0007396 0.0008648 0.0004961 0.0004936 0.0007469 0.0007433 0.0004967 0.0007439 0.0008582 0.0009910 0.0009930 0.0004972 0.0006186 0.0007420 0.0006205 0.0004976 
person_780608|blah-blah-blah|2000-01-30 0.0003737 0.0004952 0.0006184 0.0003730 0.0004935 0.0003712 0.0004949 0.0003735 0.0003704 0.0004978 0.0003726 0.0004961 0.0003709 0.0006181 0.0007432 0.0008620 0.0004949 0.0007402 0.0006181 0.0003729 0.0004964 0.0002471 0.0006175 0.0008600 0.0002477 0.0000000 0.0002474 0.0004960 0.0007425 0.0006199 0.0007435 0.0007425 0.0006191 0.0006196 0.0007420 0.0008644 0.0003718 0.0004946 0.0004988 0.0007438 0.0003730 0.0008676 0.0008582 0.0008668 0.0009966 0.0004988 0.0008683 0.0007427 0.0004982 0.0004970 
person_432623|blah-blah-blah|2000-01-25 0.0002480 0.0003701 0.0004936 0.0002475 0.0003687 0.0003707 0.0003708 0.0003699 0.0002468 0.0003707 0.0003709 0.0003703 0.0002471 0.0003694 0.0007399 0.0007384 0.0002477 0.0004912 0.0004935 0.0003722 0.0003697 0.0002461 0.0006147 0.0008580 0.0001236 0.0002474 0.0000000 0.0003725 0.0006178 0.0004926 0.0006173 0.0004927 0.0004950 0.0004951 0.0004929 0.0006145 0.0003711 0.0003695 0.0007435 0.0004945 0.0003718 0.0008660 0.0007356 0.0008656 0.0008712 0.0003724 0.0007418 0.0006163 0.0004949 0.0004953 
person_976515|blah-blah-blah|2000-01-26 0.0002495 0.0003715 0.0000010 0.0002483 0.0003704 0.0003724 0.0000010 0.0003734 0.0001235 0.0002494 0.0003730 0.0002481 0.0002474 0.0000010 0.0002476 0.0007400 0.0002477 0.0003700 0.0004950 0.0003735 0.0003718 0.0003715 0.0001234 0.0008618 0.0004964 0.0004960 0.0003725 0.0000000 0.0006198 0.0004956 0.0006198 0.0006184 0.0004963 0.0003726 0.0002475 0.0004945 0.0003739 0.0003723 0.0003737 0.0006216 0.0004979 0.0007456 0.0000010 0.0008688 0.0008735 0.0004982 0.0007456 0.0004956 0.0004974 0.0004968 
person_774322|blah-blah-blah|2000-02-01 0.0002471 0.0004931 0.0004925 0.0003713 0.0002455 0.0004948 0.0006178 0.0004936 0.0003699 0.0004952 0.0004948 0.0003698 0.0006166 0.0006156 0.0008643 0.0008601 0.0004942 0.0007373 0.0006151 0.0003721 0.0004941 0.0006155 0.0007375 0.0009791 0.0007431 0.0007425 0.0006178 0.0006198 0.0000000 0.0006154 0.0007410 0.0007398 0.0006177 0.0006170 0.0007395 0.0008596 0.0003714 0.0004925 0.0009933 0.0007424 0.0006189 0.0008654 0.0008564 0.0011125 0.0011181 0.0006196 0.0006177 0.0007402 0.0006188 0.0004954 
person_548140|blah-blah-blah|2000-01-31 0.0002477 0.0002466 0.0004932 0.0002476 0.0003679 0.0000010 0.0004947 0.0003708 0.0001234 0.0001238 0.0000010 0.0001234 0.0004928 0.0006156 0.0007394 0.0004912 0.0003710 0.0004918 0.0002462 0.0001241 0.0001232 0.0004916 0.0006141 0.0006120 0.0004945 0.0006199 0.0004926 0.0004956 0.0006154 0.0000000 0.0007422 0.0007395 0.0002463 0.0002464 0.0006163 0.0007386 0.0001230 0.0001233 0.0008681 0.0002462 0.0002472 0.0008644 0.0007337 0.0006180 0.0009962 0.0006208 0.0006178 0.0003690 0.0002471 0.0000010 
person_131309|blah-blah-blah|2000-01-25 0.0006207 0.0007419 0.0008635 0.0003712 0.0006153 0.0004940 0.0007423 0.0007431 0.0004932 0.0007447 0.0007415 0.0007429 0.0006167 0.0009847 0.0009875 0.0009832 0.0006177 0.0009840 0.0007402 0.0007434 0.0007405 0.0004917 0.0008624 0.0012260 0.0006186 0.0007435 0.0006173 0.0006198 0.0007410 0.0007422 0.0000000 0.0001229 0.0007400 0.0007408 0.0009852 0.0009840 0.0007420 0.0007392 0.0009921 0.0009899 0.0006184 0.0011127 0.0011031 0.0012383 0.0013658 0.0007451 0.0007415 0.0009899 0.0008674 0.0008665 
person_195941|blah-blah-blah|2000-02-01 0.0006207 0.0006158 0.0008615 0.0003704 0.0006133 0.0004947 0.0007410 0.0007413 0.0004924 0.0007432 0.0007407 0.0007398 0.0006143 0.0008617 0.0011097 0.0009813 0.0006171 0.0008599 0.0007383 0.0007434 0.0007424 0.0004910 0.0007359 0.0011022 0.0004940 0.0007425 0.0004927 0.0006184 0.0007398 0.0007395 0.0001229 0.0000000 0.0007401 0.0007388 0.0008619 0.0008593 0.0007419 0.0007393 0.0009919 0.0009879 0.0006170 0.0011114 0.0011008 0.0013591 0.0013639 0.0007434 0.0008628 0.0009856 0.0008655 0.0008668 
person_545716|blah-blah-blah|2000-01-28 0.0002479 0.0003701 0.0003698 0.0002477 0.0003692 0.0001237 0.0004941 0.0003722 0.0001235 0.0001238 0.0001235 0.0001232 0.0004936 0.0004930 0.0007416 0.0004918 0.0002473 0.0003700 0.0002470 0.0001241 0.0000010 0.0004930 0.0006150 0.0006126 0.0006185 0.0006191 0.0004950 0.0004963 0.0006177 0.0002463 0.0007400 0.0007401 0.0000000 0.0002469 0.0004928 0.0003690 0.0001231 0.0001232 0.0008690 0.0002469 0.0002471 0.0008671 0.0007348 0.0007410 0.0009934 0.0006214 0.0007424 0.0003700 0.0002471 0.0002475 
person_432669|blah-blah-blah|2000-01-31 0.0002478 0.0002463 0.0003686 0.0002465 0.0003688 0.0001235 0.0003708 0.0003710 0.0001237 0.0000010 0.0001233 0.0000010 0.0004931 0.0003696 0.0006174 0.0004916 0.0003702 0.0004929 0.0001230 0.0001244 0.0001235 0.0004928 0.0003693 0.0006135 0.0006188 0.0006196 0.0004951 0.0003726 0.0006170 0.0002464 0.0007408 0.0007388 0.0002469 0.0000000 0.0006168 0.0007381 0.0001229 0.0001233 0.0007461 0.0002466 0.0002471 0.0008662 0.0006124 0.0007412 0.0009949 0.0006210 0.0007418 0.0003708 0.0002476 0.0002466 
person_925569|blah-blah-blah|2000-01-30 0.0003728 0.0004923 0.0004918 0.0002464 0.0004907 0.0003696 0.0004927 0.0004949 0.0002464 0.0004941 0.0003703 0.0004925 0.0004919 0.0006138 0.0006150 0.0007355 0.0001233 0.0000010 0.0006143 0.0004952 0.0004930 0.0004910 0.0004903 0.0009796 0.0007396 0.0007420 0.0004929 0.0002475 0.0007395 0.0006163 0.0009852 0.0008619 0.0004928 0.0006168 0.0000000 0.0001220 0.0004941 0.0004924 0.0009916 0.0004930 0.0006170 0.0009857 0.0004879 0.0011113 0.0009913 0.0007430 0.0007383 0.0006149 0.0006188 0.0006188 
person_212660|blah-blah-blah|2000-01-27 0.0004948 0.0006155 0.0007377 0.0003701 0.0006136 0.0004925 0.0007411 0.0004938 0.0003686 0.0006178 0.0004933 0.0006164 0.0006134 0.0008596 0.0009833 0.0008577 0.0002464 0.0001218 0.0007363 0.0004944 0.0006166 0.0007368 0.0007349 0.0010996 0.0008648 0.0008644 0.0006145 0.0004945 0.0008596 0.0007386 0.0009840 0.0008593 0.0003690 0.0007381 0.0001220 0.0000000 0.0006174 0.0006141 0.0009866 0.0006157 0.0007396 0.0009846 0.0008549 0.0012323 0.0012379 0.0008644 0.0007382 0.0007382 0.0007412 0.0007412 
person_769941|blah-blah-blah|2000-01-30 0.0001235 0.0002472 0.0003715 0.0001241 0.0002468 0.0000010 0.0003720 0.0002469 0.0000010 0.0000010 0.0000010 0.0000010 0.0003718 0.0004946 0.0004954 0.0002465 0.0002474 0.0003697 0.0001236 0.0000010 0.0000010 0.0002470 0.0004917 0.0003684 0.0004961 0.0003718 0.0003711 0.0003739 0.0003714 0.0001230 0.0007420 0.0007419 0.0001231 0.0001229 0.0004941 0.0006174 0.0000000 0.0000010 0.0006235 0.0001240 0.0001241 0.0007444 0.0006149 0.0004953 0.0008726 0.0003727 0.0006195 0.0002476 0.0001237 0.0001233 
person_360875|blah-blah-blah|2000-01-28 0.0001239 0.0001232 0.0003687 0.0001226 0.0002452 0.0000010 0.0003705 0.0002473 0.0000010 0.0000010 0.0000010 0.0000010 0.0003696 0.0003691 0.0006174 0.0002451 0.0002464 0.0003677 0.0001224 0.0000010 0.0000010 0.0003692 0.0004912 0.0003679 0.0004936 0.0004946 0.0003695 0.0003723 0.0004925 0.0001233 0.0007392 0.0007393 0.0001232 0.0001233 0.0004924 0.0006141 0.0000010 0.0000000 0.0007439 0.0002470 0.0001231 0.0007398 0.0006108 0.0004935 0.0008692 0.0004953 0.0006176 0.0001229 0.0001237 0.0001233 
person_34110|blah-blah-blah|2000-01-30  0.0004983 0.0006216 0.0004957 0.0003729 0.0006184 0.0006204 0.0003728 0.0006213 0.0003724 0.0006212 0.0007460 0.0006212 0.0007416 0.0006177 0.0006203 0.0011132 0.0004965 0.0009903 0.0007436 0.0006229 0.0007463 0.0006184 0.0003694 0.0012317 0.0007469 0.0004988 0.0007435 0.0003737 0.0009933 0.0008681 0.0009921 0.0009919 0.0008690 0.0007461 0.0009916 0.0009866 0.0006235 0.0007439 0.0000000 0.0009938 0.0008701 0.0008704 0.0004922 0.0013673 0.0008749 0.0007486 0.0008716 0.0008667 0.0008708 0.0008704 
person_381247|blah-blah-blah|2000-01-28 0.0003729 0.0004939 0.0006173 0.0003725 0.0004932 0.0002478 0.0006208 0.0004961 0.0002469 0.0001238 0.0002476 0.0002470 0.0003709 0.0006163 0.0008660 0.0006157 0.0003715 0.0003695 0.0001236 0.0002484 0.0002467 0.0004935 0.0007385 0.0007366 0.0007433 0.0007438 0.0004945 0.0006216 0.0007424 0.0002462 0.0009899 0.0009879 0.0002469 0.0002466 0.0004930 0.0006157 0.0001240 0.0002470 0.0009938 0.0000000 0.0003723 0.0009887 0.0008605 0.0007446 0.0011202 0.0006221 0.0008650 0.0004948 0.0003727 0.0002483 
person_575866|blah-blah-blah|2000-01-31 0.0002483 0.0003716 0.0003712 0.0002476 0.0003701 0.0001237 0.0004951 0.0002477 0.0001235 0.0001240 0.0001231 0.0001238 0.0003706 0.0004945 0.0007420 0.0004925 0.0003719 0.0004932 0.0002474 0.0000010 0.0001238 0.0003703 0.0006159 0.0006149 0.0004967 0.0003730 0.0003718 0.0004979 0.0006189 0.0002472 0.0006184 0.0006170 0.0002471 0.0002471 0.0006170 0.0007396 0.0001241 0.0001231 0.0008701 0.0003723 0.0000000 0.0006192 0.0006139 0.0007446 0.0008707 0.0004980 0.0007441 0.0003705 0.0002473 0.0001234 
person_605522|blah-blah-blah|2000-01-28 0.0006215 0.0006195 0.0008635 0.0006198 0.0006158 0.0007410 0.0008669 0.0007445 0.0004953 0.0007441 0.0007439 0.0007430 0.0007417 0.0009874 0.0011126 0.0009847 0.0006188 0.0008630 0.0008631 0.0007472 0.0006201 0.0007399 0.0008607 0.0011055 0.0007439 0.0008676 0.0008660 0.0007456 0.0008654 0.0008644 0.0011127 0.0011114 0.0008671 0.0008662 0.0009857 0.0009846 0.0007444 0.0007398 0.0008704 0.0009887 0.0006192 0.0000000 0.0009805 0.0013613 0.0003729 0.0008699 0.0009907 0.0009886 0.0008685 0.0008674 
person_657661|blah-blah-blah|2000-02-01 0.0004927 0.0006136 0.0002443 0.0004904 0.0006098 0.0006117 0.0000010 0.0006143 0.0003654 0.0004915 0.0006143 0.0004915 0.0006123 0.0003652 0.0004889 0.0006099 0.0006126 0.0007300 0.0007339 0.0006152 0.0006120 0.0007320 0.0002433 0.0006089 0.0008582 0.0008582 0.0007356 0.0000010 0.0008564 0.0007337 0.0011031 0.0011008 0.0007348 0.0006124 0.0004879 0.0008549 0.0006149 0.0006108 0.0004922 0.0008605 0.0006139 0.0009805 0.0000000 0.0008597 0.0011079 0.0008609 0.0008578 0.0007337 0.0007387 0.0007383 
person_908582|blah-blah-blah|2000-01-30 0.0007467 0.0007421 0.0009869 0.0006187 0.0008608 0.0004951 0.0007429 0.0006198 0.0006174 0.0006205 0.0006196 0.0006193 0.0008640 0.0009856 0.0008628 0.0002455 0.0008664 0.0009859 0.0006182 0.0006202 0.0006184 0.0008648 0.0011064 0.0003683 0.0009910 0.0008668 0.0008656 0.0008688 0.0011125 0.0006180 0.0012383 0.0013591 0.0007410 0.0007412 0.0011113 0.0012323 0.0004953 0.0004935 0.0013673 0.0007446 0.0007446 0.0013613 0.0008597 0.0000000 0.0014956 0.0009951 0.0012374 0.0008656 0.0006197 0.0006208 
person_277152|blah-blah-blah|2000-01-31 0.0007506 0.0006214 0.0009932 0.0007480 0.0008671 0.0008706 0.0009955 0.0008717 0.0007450 0.0008741 0.0007475 0.0008716 0.0007448 0.0011157 0.0012422 0.0011132 0.0008718 0.0008661 0.0008685 0.0007489 0.0008709 0.0009915 0.0011149 0.0013591 0.0009930 0.0009966 0.0008712 0.0008735 0.0011181 0.0009962 0.0013658 0.0013639 0.0009934 0.0009949 0.0009913 0.0012379 0.0008726 0.0008692 0.0008749 0.0011202 0.0008707 0.0003729 0.0011079 0.0014956 0.0000000 0.0009991 0.0009963 0.0011181 0.0008751 0.0009985 
person_776398|blah-blah-blah|2000-01-29 0.0002493 0.0004962 0.0006200 0.0003725 0.0004945 0.0004983 0.0003737 0.0004957 0.0003715 0.0004986 0.0004967 0.0004965 0.0000010 0.0007417 0.0006210 0.0007403 0.0004972 0.0007404 0.0006195 0.0004991 0.0004962 0.0003716 0.0007396 0.0006164 0.0004972 0.0004988 0.0003724 0.0004982 0.0006196 0.0006208 0.0007451 0.0007434 0.0006214 0.0006210 0.0007430 0.0008644 0.0003727 0.0004953 0.0007486 0.0006221 0.0004980 0.0008699 0.0008609 0.0009951 0.0009991 0.0000000 0.0008696 0.0007444 0.0006216 0.0003740 
person_549706|blah-blah-blah|2000-01-31 0.0004968 0.0006184 0.0007423 0.0004955 0.0003694 0.0004954 0.0006196 0.0006208 0.0004922 0.0004957 0.0006195 0.0004952 0.0007410 0.0008647 0.0009864 0.0009854 0.0006181 0.0007389 0.0007412 0.0006236 0.0006187 0.0006154 0.0008619 0.0011041 0.0006186 0.0008683 0.0007418 0.0007456 0.0006177 0.0006178 0.0007415 0.0008628 0.0007424 0.0007418 0.0007383 0.0007382 0.0006195 0.0006176 0.0008716 0.0008650 0.0007441 0.0009907 0.0008578 0.0012374 0.0009963 0.0008696 0.0000000 0.0008645 0.0007438 0.0006211 
person_651694|blah-blah-blah|2000-01-31 0.0003721 0.0003702 0.0004944 0.0003706 0.0003683 0.0002466 0.0004942 0.0003703 0.0002465 0.0002472 0.0001233 0.0002468 0.0006172 0.0006147 0.0007407 0.0006137 0.0003704 0.0003686 0.0003694 0.0002475 0.0002467 0.0004923 0.0006135 0.0007351 0.0007420 0.0007427 0.0006163 0.0004956 0.0007402 0.0003690 0.0009899 0.0009856 0.0003700 0.0003708 0.0006149 0.0007382 0.0002476 0.0001229 0.0008667 0.0004948 0.0003705 0.0009886 0.0007337 0.0008656 0.0011181 0.0007444 0.0008645 0.0000000 0.0003709 0.0003718 
person_940008|blah-blah-blah|2000-01-31 0.0002490 0.0002480 0.0004946 0.0002477 0.0003705 0.0001236 0.0004960 0.0002481 0.0001238 0.0001244 0.0000010 0.0001240 0.0004941 0.0006177 0.0007436 0.0003684 0.0002477 0.0004933 0.0002477 0.0000010 0.0001240 0.0003707 0.0006166 0.0004916 0.0006205 0.0004982 0.0004949 0.0004974 0.0006188 0.0002471 0.0008674 0.0008655 0.0002471 0.0002476 0.0006188 0.0007412 0.0001237 0.0001237 0.0008708 0.0003727 0.0002473 0.0008685 0.0007387 0.0006197 0.0008751 0.0006216 0.0007438 0.0003709 0.0000000 0.0002483 
person_994558|blah-blah-blah|2000-01-31 0.0002486 0.0003721 0.0004943 0.0002481 0.0003700 0.0000010 0.0004962 0.0003718 0.0001237 0.0001239 0.0000010 0.0001238 0.0003710 0.0006175 0.0007429 0.0004943 0.0003711 0.0004936 0.0002471 0.0001246 0.0001238 0.0004936 0.0006161 0.0006151 0.0004976 0.0004970 0.0004953 0.0004968 0.0004954 0.0000010 0.0008665 0.0008668 0.0002475 0.0002466 0.0006188 0.0007412 0.0001233 0.0001233 0.0008704 0.0002483 0.0001234 0.0008674 0.0007383 0.0006208 0.0009985 0.0003740 0.0006211 0.0003718 0.0002483 0.0000000 
