23
EPI_ISL_467432 0.0000000 0.0000329 0.0000671 0.0000329 0.0000329 0.0001005 0.0000330 0.0000010 0.0000329 0.0000010 0.0000010 0.0000010 0.0000010 0.0000010 0.0000010 0.0000329 0.0000329 0.0002684 0.0000671 0.0000671 0.0000678 0.0003691 0.0003036 
EPI_ISL_467433 0.0000329 0.0000000 0.0000329 0.0000010 0.0000010 0.0000671 0.0000010 0.0000329 0.0000010 0.0000329 0.0000329 0.0000329 0.0000338 0.0000329 0.0000329 0.0000671 0.0000010 0.0002349 0.0001005 0.0001006 0.0001017 0.0003356 0.0002701 
EPI_ISL_467435 0.0000671 0.0000329 0.0000000 0.0000329 0.0000329 0.0001005 0.0000330 0.0000670 0.0000329 0.0000670 0.0000670 0.0000670 0.0000684 0.0000670 0.0000670 0.0001005 0.0000329 0.0002683 0.0001339 0.0001340 0.0001354 0.0003690 0.0003036 
EPI_ISL_467442 0.0000329 0.0000010 0.0000329 0.0000000 0.0000010 0.0000670 0.0000010 0.0000329 0.0000010 0.0000329 0.0000329 0.0000329 0.0000337 0.0000329 0.0000329 0.0000670 0.0000010 0.0002346 0.0001004 0.0001005 0.0001016 0.0003351 0.0002699 
EPI_ISL_467444 0.0000329 0.0000010 0.0000329 0.0000010 0.0000000 0.0000669 0.0000010 0.0000328 0.0000010 0.0000329 0.0000329 0.0000328 0.0000337 0.0000329 0.0000329 0.0000670 0.0000010 0.0002345 0.0001004 0.0001004 0.0001016 0.0003350 0.0002699 
EPI_ISL_467445 0.0001005 0.0000671 0.0001005 0.0000670 0.0000669 0.0000000 0.0000671 0.0001003 0.0000669 0.0001004 0.0001005 0.0001003 0.0001025 0.0001005 0.0001005 0.0001338 0.0000670 0.0003012 0.0001668 0.0001669 0.0001690 0.0004017 0.0003365 
EPI_ISL_467446 0.0000330 0.0000010 0.0000330 0.0000010 0.0000010 0.0000671 0.0000000 0.0000329 0.0000010 0.0000329 0.0000329 0.0000329 0.0000338 0.0000329 0.0000329 0.0000671 0.0000010 0.0002350 0.0001006 0.0001006 0.0001017 0.0003357 0.0002702 
EPI_ISL_467450 0.0000010 0.0000329 0.0000670 0.0000329 0.0000328 0.0001003 0.0000329 0.0000000 0.0000328 0.0000010 0.0000010 0.0000010 0.0000010 0.0000010 0.0000010 0.0000329 0.0000329 0.0002679 0.0000669 0.0000670 0.0000678 0.0003685 0.0003034 
EPI_ISL_467451 0.0000329 0.0000010 0.0000329 0.0000010 0.0000010 0.0000669 0.0000010 0.0000328 0.0000000 0.0000329 0.0000329 0.0000328 0.0000337 0.0000329 0.0000329 0.0000670 0.0000010 0.0002345 0.0001004 0.0001004 0.0001016 0.0003350 0.0002699 
EPI_ISL_467455 0.0000010 0.0000329 0.0000670 0.0000329 0.0000329 0.0001004 0.0000329 0.0000010 0.0000329 0.0000000 0.0000010 0.0000010 0.0000010 0.0000010 0.0000010 0.0000329 0.0000329 0.0002682 0.0000670 0.0000670 0.0000678 0.0003688 0.0003034 
EPI_ISL_467456 0.0000010 0.0000329 0.0000670 0.0000329 0.0000329 0.0001005 0.0000329 0.0000010 0.0000329 0.0000010 0.0000000 0.0000010 0.0000010 0.0000010 0.0000010 0.0000329 0.0000329 0.0002682 0.0000670 0.0000670 0.0000678 0.0003688 0.0003034 
EPI_ISL_467457 0.0000010 0.0000329 0.0000670 0.0000329 0.0000328 0.0001003 0.0000329 0.0000010 0.0000328 0.0000010 0.0000010 0.0000000 0.0000010 0.0000010 0.0000010 0.0000329 0.0000329 0.0002679 0.0000669 0.0000670 0.0000678 0.0003685 0.0003034 
EPI_ISL_467458 0.0000010 0.0000338 0.0000684 0.0000337 0.0000337 0.0001025 0.0000338 0.0000010 0.0000337 0.0000010 0.0000010 0.0000010 0.0000000 0.0000010 0.0000010 0.0000338 0.0000338 0.0002737 0.0000684 0.0000684 0.0000682 0.0003763 0.0003097 
EPI_ISL_467460 0.0000010 0.0000329 0.0000670 0.0000329 0.0000329 0.0001005 0.0000329 0.0000010 0.0000329 0.0000010 0.0000010 0.0000010 0.0000010 0.0000000 0.0000010 0.0000329 0.0000329 0.0002682 0.0000670 0.0000670 0.0000678 0.0003688 0.0003034 
EPI_ISL_467466 0.0000010 0.0000329 0.0000670 0.0000329 0.0000329 0.0001005 0.0000329 0.0000010 0.0000329 0.0000010 0.0000010 0.0000010 0.0000010 0.0000010 0.0000000 0.0000329 0.0000329 0.0002682 0.0000670 0.0000671 0.0000678 0.0003689 0.0003034 
EPI_ISL_467467 0.0000329 0.0000671 0.0001005 0.0000670 0.0000670 0.0001338 0.0000671 0.0000329 0.0000670 0.0000329 0.0000329 0.0000329 0.0000338 0.0000329 0.0000329 0.0000000 0.0000670 0.0003013 0.0001004 0.0001005 0.0001016 0.0004019 0.0003365 
EPI_ISL_467468 0.0000329 0.0000010 0.0000329 0.0000010 0.0000010 0.0000670 0.0000010 0.0000329 0.0000010 0.0000329 0.0000329 0.0000329 0.0000338 0.0000329 0.0000329 0.0000670 0.0000000 0.0002348 0.0001005 0.0001005 0.0001016 0.0003353 0.0002699 
EPI_ISL_467507 0.0002684 0.0002349 0.0002683 0.0002346 0.0002345 0.0003012 0.0002350 0.0002679 0.0002345 0.0002682 0.0002682 0.0002679 0.0002737 0.0002682 0.0002682 0.0003013 0.0002348 0.0000000 0.0003351 0.0003352 0.0003382 0.0003686 0.0003035 
EPI_ISL_467524 0.0000671 0.0001005 0.0001339 0.0001004 0.0001004 0.0001668 0.0001006 0.0000669 0.0001004 0.0000670 0.0000670 0.0000669 0.0000684 0.0000670 0.0000670 0.0001004 0.0001005 0.0003351 0.0000000 0.0000670 0.0000678 0.0004355 0.0003712 
EPI_ISL_495550 0.0000671 0.0001006 0.0001340 0.0001005 0.0001004 0.0001669 0.0001006 0.0000670 0.0001004 0.0000670 0.0000670 0.0000670 0.0000684 0.0000670 0.0000671 0.0001005 0.0001005 0.0003352 0.0000670 0.0000000 0.0000010 0.0004357 0.0003714 
EPI_ISL_495552 0.0000678 0.0001017 0.0001354 0.0001016 0.0001016 0.0001690 0.0001017 0.0000678 0.0001016 0.0000678 0.0000678 0.0000678 0.0000682 0.0000678 0.0000678 0.0001016 0.0001016 0.0003382 0.0000678 0.0000010 0.0000000 0.0004407 0.0003737 
EPI_ISL_498102 0.0003691 0.0003356 0.0003690 0.0003351 0.0003350 0.0004017 0.0003357 0.0003685 0.0003350 0.0003688 0.0003688 0.0003685 0.0003763 0.0003688 0.0003689 0.0004019 0.0003353 0.0003686 0.0004355 0.0004357 0.0004407 0.0000000 0.0004048 
EPI_ISL_498105 0.0003036 0.0002701 0.0003036 0.0002699 0.0002699 0.0003365 0.0002702 0.0003034 0.0002699 0.0003034 0.0003034 0.0003034 0.0003097 0.0003034 0.0003034 0.0003365 0.0002699 0.0003035 0.0003712 0.0003714 0.0003737 0.0004048 0.0000000 
