50
person_325611|blah-blah-blah|2000-01-09 0.0000000 0.0001569 0.0001559 0.0001572 0.0000010 0.0004706 0.0004674 0.0003123 0.0003141 0.0003117 0.0003130 0.0001561 0.0001552 0.0001559 0.0001554 0.0004686 0.0000010 0.0000010 0.0006239 0.0003115 0.0001554 0.0004700 0.0004679 0.0004751 0.0003077 0.0004703 0.0003123 0.0004687 0.0004689 0.0003138 0.0003127 0.0006294 0.0001552 0.0006280 0.0003127 0.0004694 0.0000010 0.0003131 0.0001554 0.0001573 0.0004690 0.0004655 0.0007810 0.0007890 0.0003112 0.0007880 0.0001558 0.0001565 0.0006256 0.0003127 
person_671711|blah-blah-blah|2000-01-12 0.0001569 0.0000000 0.0000010 0.0001558 0.0001552 0.0004706 0.0006178 0.0003134 0.0001557 0.0001549 0.0004670 0.0000010 0.0000010 0.0000010 0.0000010 0.0003113 0.0000010 0.0000010 0.0006219 0.0003103 0.0003122 0.0004673 0.0006205 0.0004730 0.0003068 0.0003117 0.0003126 0.0004663 0.0004686 0.0003145 0.0001554 0.0006275 0.0000010 0.0003133 0.0003118 0.0003112 0.0001569 0.0003117 0.0003116 0.0000010 0.0007742 0.0007680 0.0010815 0.0006292 0.0004658 0.0009443 0.0003133 0.0001549 0.0009340 0.0003108 
person_112129|blah-blah-blah|2000-01-17 0.0001559 0.0000010 0.0000000 0.0001550 0.0004672 0.0006265 0.0007739 0.0006203 0.0004661 0.0004645 0.0004685 0.0000010 0.0000010 0.0000010 0.0000010 0.0006213 0.0003091 0.0000010 0.0007714 0.0004645 0.0003090 0.0006240 0.0006207 0.0006283 0.0004623 0.0001549 0.0004710 0.0006213 0.0004678 0.0004710 0.0004650 0.0003123 0.0000010 0.0004692 0.0003116 0.0006212 0.0001562 0.0006225 0.0003112 0.0000010 0.0010897 0.0009212 0.0012344 0.0009415 0.0006196 0.0007865 0.0003122 0.0001552 0.0010859 0.0004641 
person_792050|blah-blah-blah|2000-01-19 0.0001572 0.0001558 0.0001550 0.0000000 0.0003126 0.0006260 0.0009357 0.0006235 0.0004707 0.0004676 0.0001567 0.0001557 0.0001557 0.0003130 0.0001548 0.0006242 0.0003119 0.0001565 0.0006237 0.0001551 0.0000010 0.0004707 0.0007752 0.0006316 0.0003084 0.0003130 0.0001565 0.0003135 0.0001556 0.0004718 0.0004681 0.0003148 0.0001551 0.0006296 0.0001567 0.0003123 0.0000010 0.0001565 0.0000010 0.0001568 0.0009412 0.0007721 0.0012430 0.0007900 0.0003098 0.0007924 0.0001554 0.0004686 0.0010899 0.0001559 
person_612145|blah-blah-blah|2000-01-16 0.0000010 0.0001552 0.0004672 0.0003126 0.0000000 0.0007808 0.0006210 0.0006228 0.0004689 0.0006227 0.0003127 0.0003114 0.0003103 0.0004675 0.0003108 0.0007817 0.0000010 0.0001558 0.0007832 0.0004675 0.0003120 0.0007778 0.0007784 0.0007882 0.0006170 0.0006238 0.0003139 0.0006270 0.0004695 0.0006277 0.0006218 0.0006298 0.0004660 0.0007812 0.0004693 0.0006247 0.0001566 0.0003124 0.0001566 0.0004690 0.0004656 0.0006170 0.0007776 0.0009514 0.0004648 0.0011065 0.0004692 0.0006232 0.0009308 0.0004695 
person_664860|blah-blah-blah|2000-01-13 0.0004706 0.0004706 0.0006265 0.0006260 0.0007808 0.0000000 0.0012526 0.0000010 0.0000010 0.0000010 0.0011009 0.0006293 0.0004690 0.0006276 0.0006247 0.0000010 0.0006254 0.0003132 0.0001571 0.0007834 0.0007842 0.0000010 0.0001569 0.0000010 0.0000010 0.0011064 0.0009503 0.0012647 0.0009416 0.0000010 0.0010966 0.0011095 0.0006298 0.0009507 0.0007890 0.0009472 0.0006316 0.0011039 0.0007895 0.0007930 0.0014155 0.0015592 0.0015624 0.0003178 0.0009412 0.0004789 0.0000010 0.0009444 0.0017296 0.0010992 
person_284893|blah-blah-blah|2000-01-19 0.0004674 0.0006178 0.0007739 0.0009357 0.0006210 0.0012526 0.0000000 0.0009365 0.0009334 0.0009325 0.0007808 0.0004656 0.0007775 0.0007797 0.0004634 0.0010870 0.0006195 0.0006227 0.0012438 0.0009299 0.0009324 0.0010897 0.0010899 0.0011020 0.0010760 0.0009371 0.0006263 0.0007813 0.0009346 0.0007815 0.0009365 0.0012502 0.0009261 0.0010909 0.0009320 0.0009336 0.0006266 0.0007801 0.0004653 0.0007853 0.0001558 0.0000010 0.0003079 0.0014180 0.0009304 0.0011072 0.0010950 0.0007755 0.0003098 0.0006222 
person_761989|blah-blah-blah|2000-01-17 0.0003123 0.0003134 0.0006203 0.0006235 0.0006228 0.0000010 0.0009365 0.0000000 0.0000010 0.0000010 0.0007858 0.0004659 0.0003114 0.0004686 0.0004662 0.0000010 0.0004656 0.0001561 0.0001558 0.0006231 0.0004681 0.0000010 0.0001551 0.0000010 0.0000010 0.0007836 0.0006309 0.0007857 0.0007830 0.0000010 0.0009360 0.0009446 0.0004683 0.0007875 0.0006268 0.0006232 0.0003156 0.0007825 0.0004694 0.0006302 0.0010924 0.0010815 0.0010908 0.0000010 0.0006235 0.0003164 0.0000010 0.0007821 0.0010883 0.0007822 
person_738296|blah-blah-blah|2000-01-19 0.0003141 0.0001557 0.0004661 0.0004707 0.0004689 0.0000010 0.0009334 0.0000010 0.0000000 0.0000010 0.0007801 0.0003113 0.0003100 0.0004672 0.0003112 0.0000010 0.0001555 0.0001565 0.0000010 0.0006224 0.0004672 0.0000010 0.0001557 0.0000010 0.0000010 0.0006247 0.0006290 0.0007812 0.0009359 0.0000010 0.0006242 0.0006278 0.0003107 0.0009418 0.0004679 0.0006250 0.0003145 0.0007807 0.0004701 0.0004716 0.0010950 0.0010814 0.0012462 0.0003133 0.0004677 0.0004757 0.0000010 0.0006224 0.0012349 0.0007808 
person_622827|blah-blah-blah|2000-01-16 0.0003117 0.0001549 0.0004645 0.0004676 0.0006227 0.0000010 0.0009325 0.0000010 0.0000010 0.0000000 0.0007809 0.0003115 0.0003111 0.0004679 0.0003086 0.0000010 0.0003105 0.0001557 0.0001549 0.0006218 0.0004674 0.0000010 0.0001557 0.0000010 0.0000010 0.0006274 0.0006278 0.0009352 0.0009372 0.0000010 0.0006229 0.0006280 0.0003100 0.0007816 0.0004686 0.0006282 0.0003144 0.0006275 0.0004675 0.0004713 0.0010958 0.0010866 0.0010822 0.0001578 0.0006224 0.0003144 0.0000010 0.0004673 0.0010922 0.0007784 
person_582015|blah-blah-blah|2000-01-20 0.0003130 0.0004670 0.0004685 0.0001567 0.0003127 0.0011009 0.0007808 0.0007858 0.0007801 0.0007809 0.0000000 0.0004683 0.0004682 0.0004696 0.0004678 0.0009446 0.0003134 0.0003130 0.0009407 0.0001551 0.0001560 0.0009437 0.0012476 0.0009554 0.0007753 0.0003125 0.0000010 0.0003138 0.0003157 0.0006322 0.0003130 0.0006306 0.0004678 0.0007888 0.0001563 0.0003144 0.0000010 0.0003132 0.0001567 0.0004715 0.0007828 0.0004645 0.0010904 0.0012674 0.0003129 0.0011111 0.0006277 0.0007828 0.0007825 0.0001570 
person_551632|blah-blah-blah|2000-01-16 0.0001561 0.0000010 0.0000010 0.0001557 0.0003114 0.0006293 0.0004656 0.0004659 0.0003113 0.0003115 0.0004683 0.0000000 0.0000010 0.0000010 0.0000010 0.0004679 0.0001550 0.0000010 0.0006215 0.0004653 0.0003116 0.0006266 0.0007761 0.0006312 0.0004617 0.0004677 0.0004694 0.0006256 0.0006228 0.0003126 0.0004659 0.0006285 0.0000010 0.0000010 0.0003130 0.0006212 0.0001572 0.0004685 0.0003129 0.0000010 0.0007836 0.0006178 0.0009319 0.0009492 0.0003105 0.0009464 0.0003121 0.0001555 0.0009319 0.0004665 
person_134979|blah-blah-blah|2000-01-17 0.0001552 0.0000010 0.0000010 0.0001557 0.0003103 0.0004690 0.0007775 0.0003114 0.0003100 0.0003111 0.0004682 0.0000010 0.0000000 0.0000010 0.0000010 0.0003119 0.0001554 0.0000010 0.0006214 0.0003097 0.0003103 0.0004670 0.0006211 0.0004706 0.0004599 0.0004678 0.0003127 0.0003125 0.0004669 0.0001560 0.0003093 0.0004686 0.0000010 0.0003115 0.0003118 0.0004680 0.0001567 0.0003115 0.0003123 0.0000010 0.0009341 0.0009201 0.0012379 0.0006313 0.0004652 0.0007867 0.0003122 0.0001549 0.0012459 0.0003106 
person_160004|blah-blah-blah|2000-01-19 0.0001559 0.0000010 0.0000010 0.0003130 0.0004675 0.0006276 0.0007797 0.0004686 0.0004672 0.0004679 0.0004696 0.0000010 0.0000010 0.0000000 0.0000010 0.0004683 0.0003123 0.0000010 0.0007800 0.0006250 0.0004659 0.0006277 0.0006225 0.0006332 0.0006179 0.0003121 0.0006268 0.0007826 0.0007857 0.0003156 0.0006242 0.0007855 0.0000010 0.0003129 0.0004721 0.0007825 0.0001572 0.0004690 0.0004690 0.0000010 0.0009407 0.0009294 0.0012479 0.0009513 0.0006252 0.0011037 0.0004693 0.0001559 0.0010928 0.0006239 
person_780878|blah-blah-blah|2000-01-18 0.0001554 0.0000010 0.0000010 0.0001548 0.0003108 0.0006247 0.0004634 0.0004662 0.0003112 0.0003086 0.0004678 0.0000010 0.0000010 0.0000010 0.0000000 0.0004684 0.0001547 0.0000010 0.0007763 0.0004650 0.0003115 0.0006212 0.0006184 0.0006290 0.0004600 0.0003096 0.0004682 0.0004654 0.0006233 0.0003118 0.0003101 0.0003111 0.0000010 0.0004666 0.0003115 0.0006205 0.0001563 0.0004670 0.0003101 0.0000010 0.0006224 0.0006129 0.0009287 0.0007811 0.0004630 0.0009415 0.0003105 0.0001552 0.0007760 0.0004659 
person_567778|blah-blah-blah|2000-01-23 0.0004686 0.0003113 0.0006213 0.0006242 0.0007817 0.0000010 0.0010870 0.0000010 0.0000010 0.0000010 0.0009446 0.0004679 0.0003119 0.0004683 0.0004684 0.0000000 0.0004693 0.0001558 0.0001558 0.0007772 0.0006222 0.0000010 0.0000010 0.0000010 0.0000010 0.0007851 0.0007923 0.0010952 0.0009414 0.0000010 0.0009376 0.0009430 0.0004654 0.0010995 0.0006285 0.0007856 0.0004733 0.0007840 0.0006277 0.0006320 0.0012473 0.0013888 0.0013985 0.0003156 0.0007793 0.0004756 0.0000010 0.0007820 0.0015649 0.0009404 
person_726178|blah-blah-blah|2000-01-21 0.0000010 0.0000010 0.0003091 0.0003119 0.0000010 0.0006254 0.0006195 0.0004656 0.0001555 0.0003105 0.0003134 0.0001550 0.0001554 0.0003123 0.0001547 0.0004693 0.0000000 0.0001555 0.0007770 0.0004650 0.0003114 0.0006274 0.0006225 0.0006320 0.0004612 0.0006263 0.0003142 0.0006232 0.0006251 0.0003136 0.0006217 0.0006235 0.0003109 0.0004683 0.0004695 0.0006259 0.0001572 0.0003120 0.0001556 0.0003142 0.0006235 0.0006156 0.0007762 0.0009447 0.0001543 0.0006305 0.0003116 0.0004684 0.0007758 0.0004662 
person_982986|blah-blah-blah|2000-01-18 0.0000010 0.0000010 0.0000010 0.0001565 0.0001558 0.0003132 0.0006227 0.0001561 0.0001565 0.0001557 0.0003130 0.0000010 0.0000010 0.0000010 0.0000010 0.0001558 0.0001555 0.0000000 0.0004681 0.0003110 0.0001552 0.0003129 0.0004655 0.0003167 0.0003069 0.0004692 0.0003123 0.0004676 0.0004684 0.0000010 0.0004682 0.0006243 0.0000010 0.0003130 0.0003130 0.0004695 0.0000010 0.0003127 0.0001558 0.0000010 0.0007786 0.0006145 0.0009333 0.0006297 0.0003111 0.0007906 0.0001555 0.0001556 0.0007783 0.0003124 
person_857160|blah-blah-blah|2000-01-28 0.0006239 0.0006219 0.0007714 0.0006237 0.0007832 0.0001571 0.0012438 0.0001558 0.0000010 0.0001549 0.0009407 0.0006215 0.0006214 0.0007800 0.0007763 0.0001558 0.0007770 0.0004681 0.0000000 0.0006196 0.0006231 0.0001559 0.0003102 0.0001568 0.0001545 0.0009333 0.0006266 0.0010918 0.0009387 0.0001568 0.0007795 0.0009391 0.0007738 0.0014117 0.0007784 0.0006221 0.0007835 0.0010911 0.0007822 0.0009421 0.0014089 0.0015479 0.0015488 0.0004730 0.0010846 0.0006269 0.0001562 0.0010928 0.0017048 0.0007779 
person_305445|blah-blah-blah|2000-01-21 0.0003115 0.0003103 0.0004645 0.0001551 0.0004675 0.0007834 0.0009299 0.0006231 0.0006224 0.0006218 0.0001551 0.0004653 0.0003097 0.0006250 0.0004650 0.0007772 0.0004650 0.0003110 0.0006196 0.0000000 0.0000010 0.0006234 0.0009298 0.0007849 0.0003067 0.0003121 0.0000010 0.0001559 0.0001551 0.0006265 0.0003107 0.0004690 0.0003103 0.0009347 0.0001566 0.0001553 0.0000010 0.0001557 0.0000010 0.0003154 0.0010907 0.0009184 0.0014022 0.0009481 0.0003102 0.0009435 0.0004695 0.0007759 0.0013976 0.0000010 
person_214305|blah-blah-blah|2000-01-21 0.0001554 0.0003122 0.0003090 0.0000010 0.0003120 0.0007842 0.0009324 0.0004681 0.0004672 0.0004674 0.0001560 0.0003116 0.0003103 0.0004659 0.0003115 0.0006222 0.0003114 0.0001552 0.0006231 0.0000010 0.0000000 0.0006260 0.0009325 0.0007928 0.0004638 0.0003121 0.0000010 0.0001561 0.0001556 0.0006295 0.0001556 0.0003131 0.0003114 0.0006267 0.0001558 0.0001554 0.0000010 0.0000010 0.0000010 0.0003130 0.0007812 0.0007715 0.0010822 0.0009469 0.0003111 0.0009513 0.0004703 0.0006223 0.0012438 0.0000010 
person_156417|blah-blah-blah|2000-01-24 0.0004700 0.0004673 0.0006240 0.0004707 0.0007778 0.0000010 0.0010897 0.0000010 0.0000010 0.0000010 0.0009437 0.0006266 0.0004670 0.0006277 0.0006212 0.0000010 0.0006274 0.0003129 0.0001559 0.0006234 0.0006260 0.0000000 0.0000010 0.0000010 0.0000010 0.0009397 0.0007889 0.0010943 0.0009395 0.0000010 0.0010963 0.0009434 0.0006219 0.0009398 0.0006283 0.0007826 0.0006330 0.0010995 0.0006285 0.0007922 0.0010995 0.0013897 0.0010913 0.0001582 0.0009415 0.0003188 0.0000010 0.0009370 0.0014025 0.0009412 
person_256554|blah-blah-blah|2000-01-24 0.0004679 0.0006205 0.0006207 0.0007752 0.0007784 0.0001569 0.0010899 0.0001551 0.0001557 0.0001557 0.0012476 0.0007761 0.0006211 0.0006225 0.0006184 0.0000010 0.0006225 0.0004655 0.0003102 0.0009298 0.0009325 0.0000010 0.0000000 0.0001572 0.0000010 0.0012446 0.0011001 0.0013953 0.0012535 0.0001561 0.0012443 0.0012563 0.0006221 0.0012528 0.0009380 0.0009320 0.0007844 0.0010888 0.0009340 0.0007831 0.0013988 0.0015381 0.0015486 0.0001574 0.0010821 0.0003136 0.0001557 0.0009356 0.0017144 0.0012485 
person_290093|blah-blah-blah|2000-01-26 0.0004751 0.0004730 0.0006283 0.0006316 0.0007882 0.0000010 0.0011020 0.0000010 0.0000010 0.0000010 0.0009554 0.0006312 0.0004706 0.0006332 0.0006290 0.0000010 0.0006320 0.0003167 0.0001568 0.0007849 0.0007928 0.0000010 0.0001572 0.0000000 0.0000010 0.0011066 0.0009526 0.0012621 0.0011051 0.0000010 0.0011049 0.0009502 0.0006296 0.0012726 0.0007923 0.0009508 0.0006351 0.0009498 0.0007920 0.0007928 0.0012635 0.0014062 0.0014116 0.0003188 0.0007909 0.0004766 0.0000010 0.0007860 0.0014164 0.0011087 
person_856108|blah-blah-blah|2000-01-20 0.0003077 0.0003068 0.0004623 0.0003084 0.0006170 0.0000010 0.0010760 0.0000010 0.0000010 0.0000010 0.0007753 0.0004617 0.0004599 0.0006179 0.0004600 0.0000010 0.0004612 0.0003069 0.0001545 0.0003067 0.0004638 0.0000010 0.0000010 0.0000010 0.0000000 0.0007720 0.0004653 0.0006183 0.0007733 0.0000010 0.0007702 0.0004646 0.0004622 0.0010891 0.0004669 0.0004628 0.0004665 0.0007745 0.0004629 0.0006231 0.0010780 0.0012209 0.0012316 0.0001558 0.0006137 0.0004683 0.0000010 0.0007730 0.0013852 0.0006157 
person_133109|blah-blah-blah|2000-01-21 0.0004703 0.0003117 0.0001549 0.0003130 0.0006238 0.0011064 0.0009371 0.0007836 0.0006247 0.0006274 0.0003125 0.0004677 0.0004678 0.0003121 0.0003096 0.0007851 0.0006263 0.0004692 0.0009333 0.0003121 0.0003121 0.0009397 0.0012446 0.0011066 0.0007720 0.0000000 0.0004726 0.0004679 0.0006289 0.0006277 0.0004683 0.0001568 0.0003125 0.0003139 0.0004714 0.0006249 0.0003149 0.0003136 0.0003131 0.0003139 0.0007811 0.0009236 0.0010888 0.0012659 0.0004674 0.0014153 0.0004698 0.0004686 0.0014100 0.0004672 
person_858011|blah-blah-blah|2000-01-27 0.0003123 0.0003126 0.0004710 0.0001565 0.0003139 0.0009503 0.0006263 0.0006309 0.0006290 0.0006278 0.0000010 0.0004694 0.0003127 0.0006268 0.0004682 0.0007923 0.0003142 0.0003123 0.0006266 0.0000010 0.0000010 0.0007889 0.0011001 0.0009526 0.0004653 0.0004726 0.0000000 0.0001581 0.0001562 0.0006303 0.0001562 0.0004738 0.0003137 0.0007901 0.0001568 0.0001566 0.0000010 0.0001572 0.0000010 0.0003160 0.0007863 0.0006198 0.0010960 0.0012652 0.0001562 0.0009529 0.0006292 0.0007835 0.0009407 0.0000010 
person_906827|blah-blah-blah|2000-01-23 0.0004687 0.0004663 0.0006213 0.0003135 0.0006270 0.0012647 0.0007813 0.0007857 0.0007812 0.0009352 0.0003138 0.0006256 0.0003125 0.0007826 0.0004654 0.0010952 0.0006232 0.0004676 0.0010918 0.0001559 0.0001561 0.0010943 0.0013953 0.0012621 0.0006183 0.0004679 0.0001581 0.0000000 0.0001568 0.0007892 0.0003121 0.0006257 0.0004660 0.0010995 0.0003130 0.0001560 0.0001569 0.0003135 0.0001572 0.0004714 0.0009388 0.0006182 0.0012442 0.0015829 0.0004668 0.0014205 0.0007855 0.0007787 0.0012499 0.0001557 
person_211749|blah-blah-blah|2000-01-27 0.0004689 0.0004686 0.0004678 0.0001556 0.0004695 0.0009416 0.0009346 0.0007830 0.0009359 0.0009372 0.0003157 0.0006228 0.0004669 0.0007857 0.0006233 0.0009414 0.0006251 0.0004684 0.0009387 0.0001551 0.0001556 0.0009395 0.0012535 0.0011051 0.0007733 0.0006289 0.0001562 0.0001568 0.0000000 0.0004714 0.0004663 0.0003134 0.0004670 0.0010964 0.0003137 0.0003132 0.0001573 0.0001566 0.0001556 0.0003155 0.0012569 0.0010849 0.0015488 0.0014263 0.0001558 0.0012679 0.0007827 0.0007831 0.0014060 0.0000010 
person_204953|blah-blah-blah|2000-01-23 0.0003138 0.0003145 0.0004710 0.0004718 0.0006277 0.0000010 0.0007815 0.0000010 0.0000010 0.0000010 0.0006322 0.0003126 0.0001560 0.0003156 0.0003118 0.0000010 0.0003136 0.0000010 0.0001568 0.0006265 0.0006295 0.0000010 0.0001561 0.0000010 0.0000010 0.0006277 0.0006303 0.0007892 0.0004714 0.0000000 0.0003137 0.0006313 0.0003133 0.0009506 0.0006274 0.0006289 0.0003176 0.0006301 0.0004699 0.0004754 0.0009400 0.0010898 0.0012577 0.0001596 0.0007837 0.0003173 0.0000010 0.0006283 0.0014069 0.0006295 
person_580389|blah-blah-blah|2000-01-25 0.0003127 0.0001554 0.0004650 0.0004681 0.0006218 0.0010966 0.0009365 0.0009360 0.0006242 0.0006229 0.0003130 0.0004659 0.0003093 0.0006242 0.0003101 0.0009376 0.0006217 0.0004682 0.0007795 0.0003107 0.0001556 0.0010963 0.0012443 0.0011049 0.0007702 0.0004683 0.0001562 0.0003121 0.0004663 0.0003137 0.0000000 0.0003124 0.0003095 0.0007816 0.0004701 0.0004674 0.0001576 0.0004666 0.0003114 0.0004717 0.0009396 0.0009208 0.0012421 0.0012669 0.0003110 0.0011044 0.0007759 0.0007763 0.0010920 0.0003121 
person_706006|blah-blah-blah|2000-01-25 0.0006294 0.0006275 0.0003123 0.0003148 0.0006298 0.0011095 0.0012502 0.0009446 0.0006278 0.0006280 0.0006306 0.0006285 0.0004686 0.0007855 0.0003111 0.0009430 0.0006235 0.0006243 0.0009391 0.0004690 0.0003131 0.0009434 0.0012563 0.0009502 0.0004646 0.0001568 0.0004738 0.0006257 0.0003134 0.0006313 0.0003124 0.0000000 0.0006243 0.0011035 0.0004688 0.0004684 0.0004758 0.0006290 0.0004715 0.0004759 0.0011019 0.0007706 0.0010969 0.0012662 0.0006255 0.0011133 0.0004725 0.0009450 0.0015656 0.0003136 
person_390656|blah-blah-blah|2000-01-24 0.0001552 0.0000010 0.0000010 0.0001551 0.0004660 0.0006298 0.0009261 0.0004683 0.0003107 0.0003100 0.0004678 0.0000010 0.0000010 0.0000010 0.0000010 0.0004654 0.0003109 0.0000010 0.0007738 0.0003103 0.0003114 0.0006219 0.0006221 0.0006296 0.0004622 0.0003125 0.0003137 0.0004660 0.0004670 0.0003133 0.0003095 0.0006243 0.0000000 0.0004690 0.0003123 0.0004697 0.0001557 0.0004688 0.0003124 0.0000010 0.0010935 0.0010752 0.0013979 0.0009433 0.0003106 0.0011037 0.0003097 0.0001553 0.0012385 0.0003116 
person_262626|blah-blah-blah|2000-01-27 0.0006280 0.0003133 0.0004692 0.0006296 0.0007812 0.0009507 0.0010909 0.0007875 0.0009418 0.0007816 0.0007888 0.0000010 0.0003115 0.0003129 0.0004666 0.0010995 0.0004683 0.0003130 0.0014117 0.0009347 0.0006267 0.0009398 0.0012528 0.0012726 0.0010891 0.0003139 0.0007901 0.0010995 0.0010964 0.0009506 0.0007816 0.0011035 0.0004690 0.0000000 0.0007892 0.0007851 0.0006298 0.0007859 0.0006276 0.0003169 0.0014106 0.0012399 0.0017143 0.0012727 0.0010978 0.0014354 0.0007820 0.0006270 0.0015685 0.0006254 
person_691473|blah-blah-blah|2000-01-28 0.0003127 0.0003118 0.0003116 0.0001567 0.0004693 0.0007890 0.0009320 0.0006268 0.0004679 0.0004686 0.0001563 0.0003130 0.0003118 0.0004721 0.0003115 0.0006285 0.0004695 0.0003130 0.0007784 0.0001566 0.0001558 0.0006283 0.0009380 0.0007923 0.0004669 0.0004714 0.0001568 0.0003130 0.0003137 0.0006274 0.0004701 0.0004688 0.0003123 0.0007892 0.0000000 0.0003145 0.0001569 0.0001566 0.0001568 0.0001583 0.0009377 0.0007705 0.0012471 0.0011079 0.0004691 0.0011102 0.0003135 0.0004695 0.0010935 0.0000010 
person_834213|blah-blah-blah|2000-01-28 0.0004694 0.0003112 0.0006212 0.0003123 0.0006247 0.0009472 0.0009336 0.0006232 0.0006250 0.0006282 0.0003144 0.0006212 0.0004680 0.0007825 0.0006205 0.0007856 0.0006259 0.0004695 0.0006221 0.0001553 0.0001554 0.0007826 0.0009320 0.0009508 0.0004628 0.0006249 0.0001566 0.0001560 0.0003132 0.0006289 0.0004674 0.0004684 0.0004697 0.0007851 0.0003145 0.0000000 0.0001577 0.0001553 0.0001570 0.0003148 0.0007805 0.0009240 0.0010866 0.0011089 0.0004665 0.0011037 0.0004740 0.0007807 0.0014093 0.0000010 
person_490262|blah-blah-blah|2000-01-28 0.0000010 0.0001569 0.0001562 0.0000010 0.0001566 0.0006316 0.0006266 0.0003156 0.0003145 0.0003144 0.0000010 0.0001572 0.0001567 0.0001572 0.0001563 0.0004733 0.0001572 0.0000010 0.0007835 0.0000010 0.0000010 0.0006330 0.0007844 0.0006351 0.0004665 0.0003149 0.0000010 0.0001569 0.0001573 0.0003176 0.0001576 0.0004758 0.0001557 0.0006298 0.0001569 0.0001577 0.0000000 0.0001580 0.0000010 0.0001580 0.0007911 0.0006237 0.0007818 0.0007936 0.0003149 0.0011165 0.0003153 0.0001570 0.0009397 0.0000010 
person_419567|blah-blah-blah|2000-01-26 0.0003131 0.0003117 0.0006225 0.0001565 0.0003124 0.0011039 0.0007801 0.0007825 0.0007807 0.0006275 0.0003132 0.0004685 0.0003115 0.0004690 0.0004670 0.0007840 0.0003120 0.0003127 0.0010911 0.0001557 0.0000010 0.0010995 0.0010888 0.0009498 0.0007745 0.0003136 0.0001572 0.0003135 0.0001566 0.0006301 0.0004666 0.0006290 0.0004688 0.0007859 0.0001566 0.0001553 0.0001580 0.0000000 0.0001564 0.0004733 0.0007815 0.0009262 0.0010897 0.0012625 0.0003117 0.0014278 0.0007875 0.0007848 0.0012519 0.0001556 
person_560323|blah-blah-blah|2000-01-25 0.0001554 0.0003116 0.0003112 0.0000010 0.0001566 0.0007895 0.0004653 0.0004694 0.0004701 0.0004675 0.0001567 0.0003129 0.0003123 0.0004690 0.0003101 0.0006277 0.0001556 0.0001558 0.0007822 0.0000010 0.0000010 0.0006285 0.0009340 0.0007920 0.0004629 0.0003131 0.0000010 0.0001572 0.0001556 0.0004699 0.0003114 0.0004715 0.0003124 0.0006276 0.0001568 0.0001570 0.0000010 0.0001564 0.0000000 0.0003148 0.0006254 0.0003082 0.0007775 0.0009504 0.0003107 0.0009522 0.0003139 0.0004681 0.0004681 0.0000010 
person_66648|blah-blah-blah|2000-01-26  0.0001573 0.0000010 0.0000010 0.0001568 0.0004690 0.0007930 0.0007853 0.0006302 0.0004716 0.0004713 0.0004715 0.0000010 0.0000010 0.0000010 0.0000010 0.0006320 0.0003142 0.0000010 0.0009421 0.0003154 0.0003130 0.0007922 0.0007831 0.0007928 0.0006231 0.0003139 0.0003160 0.0004714 0.0003155 0.0004754 0.0004717 0.0004759 0.0000010 0.0003169 0.0001583 0.0003148 0.0001580 0.0004733 0.0003148 0.0000000 0.0011028 0.0009343 0.0010969 0.0009552 0.0006257 0.0011136 0.0004741 0.0001572 0.0011014 0.0003137 
person_181215|blah-blah-blah|2000-01-28 0.0004690 0.0007742 0.0010897 0.0009412 0.0004656 0.0014155 0.0001558 0.0010924 0.0010950 0.0010958 0.0007828 0.0007836 0.0009341 0.0009407 0.0006224 0.0012473 0.0006235 0.0007786 0.0014089 0.0010907 0.0007812 0.0010995 0.0013988 0.0012635 0.0010780 0.0007811 0.0007863 0.0009388 0.0012569 0.0009400 0.0009396 0.0011019 0.0010935 0.0014106 0.0009377 0.0007805 0.0007911 0.0007815 0.0006254 0.0011028 0.0000000 0.0000010 0.0001555 0.0014157 0.0010894 0.0014195 0.0012504 0.0010999 0.0004645 0.0007792 
person_953176|blah-blah-blah|2000-01-23 0.0004655 0.0007680 0.0009212 0.0007721 0.0006170 0.0015592 0.0000010 0.0010815 0.0010814 0.0010866 0.0004645 0.0006178 0.0009201 0.0009294 0.0006129 0.0013888 0.0006156 0.0006145 0.0015479 0.0009184 0.0007715 0.0013897 0.0015381 0.0014062 0.0012209 0.0009236 0.0006198 0.0006182 0.0010849 0.0010898 0.0009208 0.0007706 0.0010752 0.0012399 0.0007705 0.0009240 0.0006237 0.0009262 0.0003082 0.0009343 0.0000010 0.0000000 0.0001531 0.0015580 0.0010802 0.0014032 0.0012394 0.0010825 0.0000010 0.0006167 
person_901207|blah-blah-blah|2000-01-28 0.0007810 0.0010815 0.0012344 0.0012430 0.0007776 0.0015624 0.0003079 0.0010908 0.0012462 0.0010822 0.0010904 0.0009319 0.0012379 0.0012479 0.0009287 0.0013985 0.0007762 0.0009333 0.0015488 0.0014022 0.0010822 0.0010913 0.0015486 0.0014116 0.0012316 0.0010888 0.0010960 0.0012442 0.0015488 0.0012577 0.0012421 0.0010969 0.0013979 0.0017143 0.0012471 0.0010866 0.0007818 0.0010897 0.0007775 0.0010969 0.0001555 0.0001531 0.0000000 0.0017309 0.0012385 0.0015705 0.0015568 0.0014021 0.0006218 0.0010861 
person_318356|blah-blah-blah|2000-01-26 0.0007890 0.0006292 0.0009415 0.0007900 0.0009514 0.0003178 0.0014180 0.0000010 0.0003133 0.0001578 0.0012674 0.0009492 0.0006313 0.0009513 0.0007811 0.0003156 0.0009447 0.0006297 0.0004730 0.0009481 0.0009469 0.0001582 0.0001574 0.0003188 0.0001558 0.0012659 0.0012652 0.0015829 0.0014263 0.0001596 0.0012669 0.0012662 0.0009433 0.0012727 0.0011079 0.0011089 0.0007936 0.0012625 0.0009504 0.0009552 0.0014157 0.0015580 0.0017309 0.0000000 0.0007856 0.0006401 0.0003162 0.0012617 0.0018951 0.0014189 
person_700604|blah-blah-blah|2000-01-26 0.0003112 0.0004658 0.0006196 0.0003098 0.0004648 0.0009412 0.0009304 0.0006235 0.0004677 0.0006224 0.0003129 0.0003105 0.0004652 0.0006252 0.0004630 0.0007793 0.0001543 0.0003111 0.0010846 0.0003102 0.0003111 0.0009415 0.0010821 0.0007909 0.0006137 0.0004674 0.0001562 0.0004668 0.0001558 0.0007837 0.0003110 0.0006255 0.0003106 0.0010978 0.0004691 0.0004665 0.0003149 0.0003117 0.0003107 0.0006257 0.0010894 0.0010802 0.0012385 0.0007856 0.0000000 0.0014151 0.0004683 0.0007820 0.0010918 0.0001554 
person_433393|blah-blah-blah|2000-01-30 0.0007880 0.0009443 0.0007865 0.0007924 0.0011065 0.0004789 0.0011072 0.0003164 0.0004757 0.0003144 0.0011111 0.0009464 0.0007867 0.0011037 0.0009415 0.0004756 0.0006305 0.0007906 0.0006269 0.0009435 0.0009513 0.0003188 0.0003136 0.0004766 0.0004683 0.0014153 0.0009529 0.0014205 0.0012679 0.0003173 0.0011044 0.0011133 0.0011037 0.0014354 0.0011102 0.0011037 0.0011165 0.0014278 0.0009522 0.0011136 0.0014195 0.0014032 0.0015705 0.0006401 0.0014151 0.0000000 0.0004735 0.0009512 0.0015827 0.0012686 
person_691944|blah-blah-blah|2000-01-27 0.0001558 0.0003133 0.0003122 0.0001554 0.0004692 0.0000010 0.0010950 0.0000010 0.0000010 0.0000010 0.0006277 0.0003121 0.0003122 0.0004693 0.0003105 0.0000010 0.0003116 0.0001555 0.0001562 0.0004695 0.0004703 0.0000010 0.0001557 0.0000010 0.0000010 0.0004698 0.0006292 0.0007855 0.0007827 0.0000010 0.0007759 0.0004725 0.0003097 0.0007820 0.0003135 0.0004740 0.0003153 0.0007875 0.0003139 0.0004741 0.0012504 0.0012394 0.0015568 0.0003162 0.0004683 0.0004735 0.0000000 0.0006236 0.0015636 0.0006275 
person_91381|blah-blah-blah|2000-01-29  0.0001565 0.0001549 0.0001552 0.0004686 0.0006232 0.0009444 0.0007755 0.0007821 0.0006224 0.0004673 0.0007828 0.0001555 0.0001549 0.0001559 0.0001552 0.0007820 0.0004684 0.0001556 0.0010928 0.0007759 0.0006223 0.0009370 0.0009356 0.0007860 0.0007730 0.0004686 0.0007835 0.0007787 0.0007831 0.0006283 0.0007763 0.0009450 0.0001553 0.0006270 0.0004695 0.0007807 0.0001570 0.0007848 0.0004681 0.0001572 0.0010999 0.0010825 0.0014021 0.0012617 0.0007820 0.0009512 0.0006236 0.0000000 0.0007813 0.0007823 
person_544789|blah-blah-blah|2000-01-30 0.0006256 0.0009340 0.0010859 0.0010899 0.0009308 0.0017296 0.0003098 0.0010883 0.0012349 0.0010922 0.0007825 0.0009319 0.0012459 0.0010928 0.0007760 0.0015649 0.0007758 0.0007783 0.0017048 0.0013976 0.0012438 0.0014025 0.0017144 0.0014164 0.0013852 0.0014100 0.0009407 0.0012499 0.0014060 0.0014069 0.0010920 0.0015656 0.0012385 0.0015685 0.0010935 0.0014093 0.0009397 0.0012519 0.0004681 0.0011014 0.0004645 0.0000010 0.0006218 0.0018951 0.0010918 0.0015827 0.0015636 0.0007813 0.0000000 0.0010886 
person_74652|blah-blah-blah|2000-01-28  0.0003127 0.0003108 0.0004641 0.0001559 0.0004695 0.0010992 0.0006222 0.0007822 0.0007808 0.0007784 0.0001570 0.0004665 0.0003106 0.0006239 0.0004659 0.0009404 0.0004662 0.0003124 0.0007779 0.0000010 0.0000010 0.0009412 0.0012485 0.0011087 0.0006157 0.0004672 0.0000010 0.0001557 0.0000010 0.0006295 0.0003121 0.0003136 0.0003116 0.0006254 0.0000010 0.0000010 0.0000010 0.0001556 0.0000010 0.0003137 0.0007792 0.0006167 0.0010861 0.0014189 0.0001554 0.0012686 0.0006275 0.0007823 0.0010886 0.0000000 
